n = 3; N = 8
============

                  |000>   |001>   |010>   |011>   |100>   |101>   |110>   |111>
00000000 (c) : (  1.000,  0.000,  0.000,  0.000,  0.000,  0.000,  0.000,  0.000 )
00001111 (bm): (  0.000,  0.000,  0.000,  0.000,  1.000,  0.000,  0.000,  0.000 )
00010111 (b) : (  0.000,  0.500,  0.500,  0.000,  0.500,  0.000,  0.000, -0.500 )
00011011 (b) : (  0.000,  0.000,  0.500, -0.500,  0.500,  0.500,  0.000,  0.000 )
00011101 (b) : (  0.000,  0.500,  0.000, -0.500,  0.500,  0.000,  0.500,  0.000 )
00011110 (b) : (  0.000,  0.000,  0.000,  0.000,  0.500,  0.500,  0.500, -0.500 )
00100111 (b) : (  0.000,  0.000,  0.500,  0.500,  0.500, -0.500,  0.000,  0.000 )
00101011 (b) : (  0.000, -0.500,  0.500,  0.000,  0.500,  0.000,  0.000,  0.500 )
00101101 (b) : (  0.000,  0.000,  0.000,  0.000,  0.500, -0.500,  0.500,  0.500 )
00101110 (b) : (  0.000, -0.500,  0.000,  0.500,  0.500,  0.000,  0.500,  0.000 )
00110011 (bm): (  0.000,  0.000,  1.000,  0.000,  0.000,  0.000,  0.000,  0.000 )
00110101 (b) : (  0.000,  0.500,  0.500,  0.000,  0.000, -0.500,  0.500,  0.000 )
00110110 (b) : (  0.000,  0.000,  0.500,  0.500,  0.000,  0.000,  0.500, -0.500 )
00111001 (b) : (  0.000,  0.000,  0.500, -0.500,  0.000,  0.000,  0.500,  0.500 )
00111010 (b) : (  0.000, -0.500,  0.500,  0.000,  0.000,  0.500,  0.500,  0.000 )
00111100 (bm): (  0.000,  0.000,  0.000,  0.000,  0.000,  0.000,  1.000,  0.000 )
01000111 (b) : (  0.000,  0.500,  0.000,  0.500,  0.500,  0.000, -0.500,  0.000 )
01001011 (b) : (  0.000,  0.000,  0.000,  0.000,  0.500,  0.500, -0.500,  0.500 )
01001101 (b) : (  0.000,  0.500, -0.500,  0.000,  0.500,  0.000,  0.000,  0.500 )
01001110 (b) : (  0.000,  0.000, -0.500,  0.500,  0.500,  0.500,  0.000,  0.000 )
01010011 (b) : (  0.000,  0.500,  0.500,  0.000,  0.000,  0.500, -0.500,  0.000 )
01010101 (bm): (  0.000,  1.000,  0.000,  0.000,  0.000,  0.000,  0.000,  0.000 )
01010110 (b) : (  0.000,  0.500,  0.000,  0.500,  0.000,  0.500,  0.000, -0.500 )
01011001 (b) : (  0.000,  0.500,  0.000, -0.500,  0.000,  0.500,  0.000,  0.500 )
01011010 (bm): (  0.000,  0.000,  0.000,  0.000,  0.000,  1.000,  0.000,  0.000 )
01011100 (b) : (  0.000,  0.500, -0.500,  0.000,  0.000,  0.500,  0.500,  0.000 )
01100011 (b) : (  0.000,  0.000,  0.500,  0.500,  0.000,  0.000, -0.500,  0.500 )
01100101 (b) : (  0.000,  0.500,  0.000,  0.500,  0.000, -0.500,  0.000,  0.500 )
01100110 (bm): (  0.000,  0.000,  0.000,  1.000,  0.000,  0.000,  0.000,  0.000 )
01101001 (bm): (  0.000,  0.000,  0.000,  0.000,  0.000,  0.000,  0.000,  1.000 )
01101010 (b) : (  0.000, -0.500,  0.000,  0.500,  0.000,  0.500,  0.000,  0.500 )
01101100 (b) : (  0.000,  0.000, -0.500,  0.500,  0.000,  0.000,  0.500,  0.500 )
01110001 (b) : (  0.000,  0.500,  0.500,  0.000, -0.500,  0.000,  0.000,  0.500 )
01110010 (b) : (  0.000,  0.000,  0.500,  0.500, -0.500,  0.500,  0.000,  0.000 )
01110100 (b) : (  0.000,  0.500,  0.000,  0.500, -0.500,  0.000,  0.500,  0.000 )
01111000 (b) : (  0.000,  0.000,  0.000,  0.000, -0.500,  0.500,  0.500,  0.500 )
          sum: (  1.000,  5.000,  5.000,  5.000,  5.000,  5.000,  5.000,  5.000 )

#entries (beginning with 0): 128
#balanced: 35 (7 balanced and Morse)
